57
61
27
25
42
61
12
15
17
43
83
14
41
54
13
29
23
66
52
41
43
49
45
93
92
28
55
77
87
48
88
11
99
59
11
84
42
48
11
76
22
44
38
44
65
47
27
12
96
84
59
25
32
34
82
83
79
33
22
19
17
31
66
36
98
85
11
11
53
78
74
76
26
16
84
23
17
76
58
39
55
34
55
58
29
64
54
11
45
13
27
33
11
37
38
98
57
24
32
77
83
11
12
36
54
77
57
23
48
26
81
66
68
74
51
15
17
62
93
13
66
19
57
88
19
55
33
72
12
53
27
65
76
69
92
94
23
82
86
64
49
28
22
11
55
34
95
68
63
94
24
46
12
52
36
89
59
39
89
88
72
23
67
72
78
33
45
11
89
14
84
61
67
82
72
41
12
37
99
73
22
82
59
88
98
41
33
68
43
17
69
57
98
87
52
64
32
73
57
18
23
38
22
29
22
98
65
29
18
28
11
88
41
33
89
31
62
41
32
34
42
91
42
86
95
73
23
85
77
74
14
93
51
17
87
51
37
78
57
46
99
34
13
88
27
84
25
45
65
62
49
17
51
11
44
11
25
98
44
73
48
65
22
64
36
25
36
39
95
11
85
66
93
91
53
28
99
89
76
53
75
23
15
84
84
82
35
73
21
28
13
15
37
77
54
78
49
54
41
37
75
97
81
56
72
48
41
72
44
27
41
85
22
81
74
48
23
52
63
82
38
98
56
58
77
79
78
81
92
32
82
65
37
69
56
68
39
75
32
53
51
19
22
85
74
69
41
16
69
35
85
16
73
59
53
12
92
99
77
34
45
45
39
46
98
18
75
73
43
12
47
52
89
13
53
69
54
48
96
88
29
81
19
88
12
84
67
84
84
64
99
51
49
55
37
29
58
37
22
79
56
82
72
29
39
87
28
86
25
83
18
33
29
13
32
84
51
27
71
92
88
11
89
94
84
31
66
11
19
31
46
76
56
43
37
25
81
44
26
65
84
13
21
18
44
67
58
98
22
61
71
21
37
85
66
23
54
34
15
84
74
12
79
16
63
55
25
17
55
22
86
45
61
43
53
63
56
64
61
48
45
78
33
44
55
54
33
58
57
66
29
35
16
33
41
38
33
34
24
96
93
52
26
85
48
19
38
22
81
46
93
85
92
25
99
64
92
55
15
18
81
28
79
19
22
76
82
36
86
83
32
13
41
79
83
16
54
65
55
44
62
18
77
21
44
77
28
62
27
82
53
18
58
35
39
27
13
52
17
69
59
77
66
69
99
62
83
45
22
21
86
13
26
58
11
45
98
44
22
32
62
87
35
64
26
19
16
74
54
17
24
58
61
34
96
79
49
11
79
77
11
41
59
68
33
36
91
66
56
31
99
36
92
86
25
36
61
77
23
57
75
46
37
81
21
74
28
19
58
91
36
18
88
32
61
63
49
79
68
11
12
13
52
78
16
59
73
18
84
26
78
57
78
13
68
58
91
13
64
45
42
78
93
59
98
98
87
21
76
14
44
57
29
18
63
26
34
21
49
81
32
92
53
91
87
38
12
55
28
64
63
16
17
19
55
44
44
59
58
82
15
32
75
71
81
56
88
15
74
31
98
76
48
27
54
49
12
64
18
46
11
58
97
23
22
37
63
57
27
37
44
67
22
42
44
58
31
42
44
99
26
15
26
81
72
39
44
12
66
91
32
76
35
11
64
42
39
17
34
63
23
61
66
64
49
47
73
96
22
12
77
12
84
17
72
52
36
61
34
62
78
78
17
64
97
79
58
25
23
91
89
36
81
29
47
85
61
52
11
87
36
61
87
31
21
43
69
33
77
25
82
58
73
81
73
99
95
17
79
99
17
26
42
81
56
44
34
97
47
88
69
35
83
24
64
82
13
99
85
21
79
68
14
34
52
22
67
43
31
89
36
69
88
44
52
99
58
96
92
37
23
36
89
75
73
31
66
17
38
76
87
19
79
68
29
18
61
99
46
82
45
15
42
78
94
66
78
99
56
56
62
93
43
95
75
21
54
45
54
74
81
52
16
55
34
17
67
17
75
61
82
78
96
83
82
95
89
64
32
84
16
78
74
84
12
65
69
46
66
97
46
99
77
23
75
67
86
42
63
44
95
19
39
12
16
58
33
51
81
54
71
78
39
78
24
73
82
32
91
23
66
75
19
54
52
84
31
85
99
98
34
85
59
77
84
15
17
33
87
25
92
89
74
88
41
88
46
32
98
31
45
66
24
77
77
56
52
84
88
31
